[gd_scene load_steps=18 format=3 uid="uid://cjimufcei1xir"]

[ext_resource type="PackedScene" uid="uid://1mvqk5xcen1f" path="res://Environment/game_store/game_store.tscn" id="1_l0btu"]
[ext_resource type="PackedScene" uid="uid://dygby4hxrxt62" path="res://Environment/game_store/Cash_register.glb" id="2_etcj7"]
[ext_resource type="PackedScene" uid="uid://bhys2r0vdx3q5" path="res://Environment/OverworldUnits/phyllis_overworld.tscn" id="3_no87j"]
[ext_resource type="PackedScene" uid="uid://bh0fcxntildja" path="res://Unit/BB/bb.tscn" id="4_2bc1c"]
[ext_resource type="PackedScene" uid="uid://bh3ys30axca1e" path="res://Visual_novel_scene/dialogue_area.tscn" id="4_ljxkv"]
[ext_resource type="Script" path="res://Visual_novel_scene/NPC.gd" id="4_nbjb0"]
[ext_resource type="PackedScene" uid="uid://bcxru1sbmv1lu" path="res://Visual_novel_scene/dialogue_player.tscn" id="5_t2bf6"]
[ext_resource type="PackedScene" uid="uid://cv25xab3f20tr" path="res://Environment/ps1Filter.tscn" id="7_ud7lf"]
[ext_resource type="PackedScene" uid="uid://cwfu2uph0jpq5" path="res://SceneManager/battle_changer.tscn" id="8_lc1n3"]
[ext_resource type="PackedScene" uid="uid://c5k6qoafi2xk0" path="res://Unit/Sam/sam.tscn" id="8_n6hqa"]

[sub_resource type="Environment" id="Environment_448sm"]
background_mode = 2
ambient_light_color = Color(0.529412, 0.529412, 0.529412, 1)
ambient_light_sky_contribution = 0.0
ambient_light_energy = 2.2
tonemap_mode = 2

[sub_resource type="BoxShape3D" id="BoxShape3D_5wv2i"]
size = Vector3(0.608474, 2.62692, 0.334648)

[sub_resource type="BoxShape3D" id="BoxShape3D_4d2jo"]
size = Vector3(1, 1.05026, 0.549205)

[sub_resource type="WorldBoundaryShape3D" id="WorldBoundaryShape3D_0y843"]

[sub_resource type="BoxShape3D" id="BoxShape3D_l4wac"]
size = Vector3(8.88826, 1.61591, 3.11931)

[sub_resource type="BoxShape3D" id="BoxShape3D_yqumc"]
size = Vector3(18.8857, 1, 3.01582)

[sub_resource type="BoxShape3D" id="BoxShape3D_rialb"]
size = Vector3(10.9499, 1.87797, 6.72362)

[node name="Visual Novel Scene" type="Node3D"]

[node name="DirectionalLight3D" type="DirectionalLight3D" parent="."]
transform = Transform3D(-0.866024, -0.399845, 0.300212, 0, 0.60042, 0.799685, -0.500003, 0.692546, -0.519978, 0, 0, 0)
light_color = Color(0.145098, 0.713726, 0.886275, 1)
light_energy = 1.037
light_indirect_energy = 1.692
light_volumetric_fog_energy = 1.12
directional_shadow_mode = 0
directional_shadow_fade_start = 0.572
directional_shadow_max_distance = 62.5
sky_mode = 1

[node name="WorldEnvironment" type="WorldEnvironment" parent="."]
environment = SubResource("Environment_448sm")

[node name="Area" type="Node3D" parent="."]
transform = Transform3D(0.0818625, 0, 0.0219855, 0, 0.0847634, 0, -0.0219855, 0, 0.0818625, 0, 0, -0.905213)

[node name="GameStore" parent="Area" instance=ExtResource("1_l0btu")]

[node name="Cash_register" parent="Area" instance=ExtResource("2_etcj7")]
transform = Transform3D(-0.000947455, 0, -0.0853506, 0, 0.0853559, 0, 0.0853506, 0, -0.000947455, -7.16637, 2.01321, 6.53555)

[node name="PhyllisOverworld" parent="." node_paths=PackedStringArray("camera") instance=ExtResource("3_no87j")]
transform = Transform3D(0.555033, 0, -0.831828, 0, 1, 0, 0.831828, 0, 0.555033, -0.0110936, 0.0127517, -1.51237)
camera = NodePath("../MainCamera")

[node name="BBNPC" type="StaticBody3D" parent="."]
transform = Transform3D(0.677221, 0, 0, 0, 0.677221, 0, 0, 0, 0.677221, 0.727538, 0, -0.457322)
script = ExtResource("4_nbjb0")

[node name="CollisionShape3D" type="CollisionShape3D" parent="BBNPC"]
transform = Transform3D(0.391628, 0, 0, 0, 0.391628, 0, 0, 0, 0.391628, -0.0605532, 0, -0.0935798)
shape = SubResource("BoxShape3D_5wv2i")

[node name="DialogueArea" parent="BBNPC" instance=ExtResource("4_ljxkv")]
process_mode = 3
transform = Transform3D(1, 0, 0, 0, 1, 0, 0, 0, 1, 0, 0, -0.101076)
dialogue_key = "bb_1"

[node name="CollisionShape3D" parent="BBNPC/DialogueArea" index="0"]
transform = Transform3D(0.50382, 0, 0, 0, 0.50382, 0, 0, 0, 0.50382, -0.0699403, 0.261831, 0)
shape = SubResource("BoxShape3D_4d2jo")

[node name="BB" parent="BBNPC" instance=ExtResource("4_2bc1c")]
transform = Transform3D(-0.0320046, 0, -0.00471746, 0, 0.0323503, 0, 0.00471746, 0, -0.0320046, -0.0627446, 0.00105913, -0.0749547)

[node name="samNPC" type="StaticBody3D" parent="."]
transform = Transform3D(0.677221, 0, 0, 0, 0.677221, 0, 0, 0, 0.677221, -0.623973, 0, -0.972067)
script = ExtResource("4_nbjb0")

[node name="CollisionShape3D" type="CollisionShape3D" parent="samNPC"]
transform = Transform3D(0.391628, 0, 0, 0, 0.391628, 0, 0, 0, 0.391628, -0.265505, 0.0304765, -0.434986)
shape = SubResource("BoxShape3D_5wv2i")

[node name="DialogueArea" parent="samNPC" instance=ExtResource("4_ljxkv")]
process_mode = 3
transform = Transform3D(1, 0, 0, 0, 1, 0, 0, 0, 1, 0, 0, -0.101076)
dialogue_key = "sam_1"

[node name="CollisionShape3D" parent="samNPC/DialogueArea" index="0"]
transform = Transform3D(0.0434115, 0, -0.501946, 0, 0.50382, 0, 0.501946, 0, 0.0434115, -0.0699404, 0.261831, -0.401978)
shape = SubResource("BoxShape3D_4d2jo")

[node name="Sam" parent="samNPC" instance=ExtResource("8_n6hqa")]
transform = Transform3D(-0.00252918, 0, 0.0333181, 0, 0.0334139, 0, -0.0333181, 0, -0.00252918, -0.226412, 0.0131921, -0.425428)

[node name="DialoguePlayer" parent="." instance=ExtResource("5_t2bf6")]
scene_text_file = "res://Visual_novel_scene/bb_dialog.json"

[node name="MainCamera" type="Camera3D" parent="."]
unique_name_in_owner = true
transform = Transform3D(-0.831973, -0.29154, 0.472044, 0, 0.850811, 0.525472, -0.554816, 0.437178, -0.707852, 1.31135, 1.57441, -2.78198)
visible = false
current = true
fov = 26.9704

[node name="Filter" parent="MainCamera" instance=ExtResource("7_ud7lf")]
transform = Transform3D(0.928112, 0.0387952, 0.370277, 0.10958, 0.922037, -0.371271, -0.355812, 0.385157, 0.851501, -1.22458, 2.7702, -6.68106)

[node name="BattleChanger" parent="." instance=ExtResource("8_lc1n3")]

[node name="WorldBounds" type="Node3D" parent="."]

[node name="StaticBody3D" type="StaticBody3D" parent="WorldBounds"]

[node name="CollisionShape3D" type="CollisionShape3D" parent="WorldBounds/StaticBody3D"]
transform = Transform3D(0.176246, 0, 0, 0, 0.176246, 0, 0, 0, 0.176246, 0, 0, 0)
shape = SubResource("WorldBoundaryShape3D_0y843")

[node name="StaticBody3D2" type="StaticBody3D" parent="WorldBounds"]
transform = Transform3D(0.968213, -0.250083, 0.00468394, 0, 0.0187263, 0.999825, -0.250127, -0.968044, 0.018131, 0, 0, -0.0512528)

[node name="CollisionShape3D" type="CollisionShape3D" parent="WorldBounds/StaticBody3D2"]
transform = Transform3D(0.176246, 0, 0, 0, 0.176246, 0, 0, 0, 0.176246, 0, 0, 0)
shape = SubResource("WorldBoundaryShape3D_0y843")

[node name="StaticBody3D3" type="StaticBody3D" parent="WorldBounds"]
transform = Transform3D(0.211905, 0.977119, -0.018301, 0, 0.0187263, 0.999825, 0.97729, -0.211868, 0.00396819, -0.6984, 0, -0.0512528)

[node name="CollisionShape3D" type="CollisionShape3D" parent="WorldBounds/StaticBody3D3"]
transform = Transform3D(0.176246, 0, 0, 0, 0.176246, 0, 0, 0, 0.176246, 0, 0, 0)
shape = SubResource("WorldBoundaryShape3D_0y843")

[node name="StaticBody3D4" type="StaticBody3D" parent="WorldBounds"]
transform = Transform3D(-0.961765, 0.273827, -0.00512867, -3.94703e-10, 0.0187263, 0.999825, 0.273875, 0.961596, -0.0180103, -0.6984, 0, -1.64638)

[node name="CollisionShape3D" type="CollisionShape3D" parent="WorldBounds/StaticBody3D4"]
transform = Transform3D(0.176246, 0, 0, 0, 0.176246, 0, 0, 0, 0.176246, 0, 0, 0)
shape = SubResource("WorldBoundaryShape3D_0y843")

[node name="StaticBody3D5" type="StaticBody3D" parent="WorldBounds"]
transform = Transform3D(-0.284618, -0.958473, 0.0179518, 5.31533e-11, 0.0187263, 0.999825, -0.958641, 0.284568, -0.00532984, 0.647514, 0, -1.64638)

[node name="CollisionShape3D" type="CollisionShape3D" parent="WorldBounds/StaticBody3D5"]
transform = Transform3D(0.176246, 0, 0, 0, 0.176246, 0, 0, 0, 0.176246, 0, 0, 0)
shape = SubResource("WorldBoundaryShape3D_0y843")

[node name="StaticBody3D6" type="StaticBody3D" parent="WorldBounds"]
transform = Transform3D(-0.0945019, -0.318243, 0.00596055, 1.76486e-11, 0.00621771, 0.331973, -0.318299, 0.0944854, -0.00176967, 0.412924, 0, 0.122022)

[node name="CollisionShape3D" type="CollisionShape3D" parent="WorldBounds/StaticBody3D6"]
transform = Transform3D(0.176224, 0.00273414, -5.12097e-05, -0.00273409, 0.176224, 3.92552e-07, 5.12069e-05, 4.00119e-07, 0.176246, 1.05151, 0.150788, 0.23559)
shape = SubResource("BoxShape3D_l4wac")

[node name="StaticBody3D7" type="StaticBody3D" parent="WorldBounds"]
transform = Transform3D(0.316766, -0.0995001, 0.0018636, -1.02767e-10, 0.00621771, 0.331973, -0.0995175, -0.316711, 0.00593186, -0.596095, 0, -0.120186)

[node name="CollisionShape3D" type="CollisionShape3D" parent="WorldBounds/StaticBody3D7"]
transform = Transform3D(0.176224, 0.00273414, -5.12097e-05, -0.00273409, 0.176224, 3.92552e-07, 5.12069e-05, 4.00119e-07, 0.176246, 1.05151, 0.150788, 0.23559)
shape = SubResource("BoxShape3D_yqumc")

[node name="StaticBody3D8" type="StaticBody3D" parent="WorldBounds"]
transform = Transform3D(0.136213, 0.302752, -0.00567041, -1.02767e-10, 0.00621771, 0.331973, 0.302805, -0.136189, 0.00255076, -0.596095, 0, -0.896329)

[node name="CollisionShape3D" type="CollisionShape3D" parent="WorldBounds/StaticBody3D8"]
transform = Transform3D(0.17473, 0.0230587, -0.000431879, -0.0230586, 0.174731, 2.83676e-05, 0.000431878, 2.83727e-05, 0.176245, 0.199002, 0.308257, 0.23264)
shape = SubResource("BoxShape3D_rialb")

[node name="StaticBody3D9" type="StaticBody3D" parent="WorldBounds"]
transform = Transform3D(0.136213, 0.302752, -0.00567041, -1.02767e-10, 0.00621771, 0.331973, 0.302805, -0.136189, 0.00255076, -0.201947, 0, -1.00039)

[node name="CollisionShape3D" type="CollisionShape3D" parent="WorldBounds/StaticBody3D9"]
transform = Transform3D(0.17473, 0.0230587, -0.000431879, -0.0230586, 0.174731, 2.83671e-05, 0.000431879, 2.8372e-05, 0.176245, 0.210277, 0.333317, 0.232171)
shape = SubResource("BoxShape3D_rialb")

[node name="StaticBody3D10" type="StaticBody3D" parent="WorldBounds"]
transform = Transform3D(0.136213, 0.302752, -0.00567041, -1.02767e-10, 0.00621771, 0.331973, 0.302805, -0.136189, 0.00255076, 0.238192, 0, -1.1125)

[node name="CollisionShape3D" type="CollisionShape3D" parent="WorldBounds/StaticBody3D10"]
transform = Transform3D(0.17473, 0.0230587, -0.000431879, -0.0230586, 0.174731, 2.83676e-05, 0.000431878, 2.83727e-05, 0.176245, 0.199002, 0.308257, 0.23264)
shape = SubResource("BoxShape3D_rialb")

[editable path="BBNPC/DialogueArea"]
[editable path="samNPC/DialogueArea"]
